235 233 232 231 230 228 226 226 227 227 229 230 231 233 234 235
230 226 226 223 222 220 219 219 219 219 220 222 223 224 225 231
222 220 219 217 215 213 212 211 211 212 213 214 216 219 220 222
216 214 212 208 204 200 197 195 194 197 200 204 208 211 214 215
212 207 200 191 184 179 174 172 172 175 179 184 192 199 205 211
204 194 184 174 165 159 159 158 159 159 159 165 175 184 194 204
195 183 171 159 159 167 175 180 180 175 167 159 160 171 182 195
190 177 164 158 168 180 193 203 203 193 181 168 158 164 177 190
190 177 164 158 168 180 193 204 203 193 181 167 157 164 177 190
195 184 171 160 158 167 174 180 181 176 168 159 160 171 183 195
205 194 183 174 165 158 159 160 160 159 158 165 174 184 194 204
210 207 199 191 184 178 174 173 172 174 179 184 191 199 207 213
217 216 211 208 203 199 196 195 195 196 200 204 208 212 215 217
223 220 220 218 216 213 212 212 212 212 213 215 218 220 221 224
230 228 227 223 222 222 221 220 220 221 221 222 223 226 226 230
236 235 234 231 230 229 227 227 227 226 229 230 231 233 235 236
216 217 221 223 224 225 226 227 227 226 226 225 223 221 218 216
225 228 232 233 236 238 238 239 239 238 238 236 233 230 228 225
234 238 242 245 247 248 249 251 251 249 248 246 244 241 238 234
243 248 251 251 249 246 243 240 240 243 246 250 252 251 248 243
250 251 244 236 230 224 220 218 218 220 224 229 237 245 251 251
250 239 229 218 210 203 198 195 195 198 203 211 219 229 239 250
241 229 216 205 194 185 177 174 173 178 186 195 205 216 228 241
234 223 210 197 185 173 161 151 150 160 172 184 197 210 222 235
234 223 210 197 185 172 160 150 150 161 173 185 197 210 223 234
241 229 216 205 195 185 177 173 173 178 186 195 205 216 228 241
251 239 228 218 210 204 198 195 195 198 203 210 219 229 239 250
251 251 245 237 230 224 221 219 218 221 224 230 237 245 250 250
242 247 251 251 249 246 242 241 241 243 246 249 251 250 247 242
233 237 241 244 246 248 249 251 251 249 248 246 244 241 237 234
225 227 231 233 236 237 237 239 239 237 237 236 233 230 228 224
215 217 221 223 224 226 226 227 227 226 226 225 223 221 218 216
203 204 209 213 216 218 217 219 220 217 218 215 212 210 205 203
216 220 224 226 230 232 234 235 235 233 232 230 227 224 220 216
229 232 237 240 244 246 248 249 249 247 246 244 241 237 232 229
238 245 249 252 253 253 252 252 253 253 253 253 252 249 245 239
249 253 253 251 248 247 247 246 246 247 247 249 251 253 253 250
253 250 250 248 244 242 241 242 241 242 242 245 247 249 251 253
251 248 246 242 241 240 241 240 240 241 240 241 242 245 248 251
250 247 242 242 241 241 241 239 239 240 241 240 241 243 248 251
250 247 243 242 240 241 240 240 240 240 240 240 240 243 247 252
251 247 245 242 240 240 240 241 240 240 240 240 241 245 248 251
254 250 248 247 243 241 241 241 241 242 242 244 247 250 251 253
250 253 252 250 248 247 246 245 244 246 248 248 251 252 254 250
238 245 250 253 253 252 252 253 253 253 253 253 253 250 245 238
227 232 237 241 244 246 249 248 248 249 246 244 241 237 232 228
216 219 224 227 230 232 234 235 235 234 232 230 227 223 220 215
203 205 210 212 215 218 218 219 219 218 218 216 213 210 206 203

235 231 222 215 211 204 195 190 190 195 204 213 217 224 230 236
234 225 220 214 205 194 182 177 177 183 194 207 215 221 226 235
233 224 219 211 199 184 171 164 164 171 184 199 212 220 226 233
231 223 216 208 192 175 160 158 157 160 174 191 208 218 223 231
230 222 214 204 184 165 159 168 167 159 165 184 204 215 222 230
229 220 213 200 179 159 167 181 181 168 158 179 200 213 221 229
227 219 212 197 175 159 175 193 193 176 159 174 196 212 221 226
227 219 211 194 172 159 180 203 203 181 160 172 195 212 220 227
226 219 211 195 172 158 180 203 204 180 160 173 195 212 220 227
226 219 212 197 174 159 175 193 193 174 159 174 196 212 221 227
228 220 213 200 179 159 167 180 180 167 158 178 199 213 222 229
230 222 215 204 184 165 159 168 168 158 165 184 203 216 222 230
231 223 217 208 191 174 159 158 158 160 174 191 208 218 223 231
232 226 219 212 200 184 171 164 164 171 183 199 211 220 227 234
233 226 220 214 207 194 183 177 177 184 194 207 216 220 228 235
235 230 222 216 212 204 195 190 190 195 205 210 217 223 230 236
216 225 234 243 251 250 241 235 234 241 250 250 242 234 224 216
218 228 238 248 251 239 228 222 223 228 239 250 247 237 228 218
221 230 241 251 245 229 216 210 210 216 229 245 250 241 230 221
223 233 244 252 237 219 205 197 197 205 219 237 251 244 233 223
225 236 246 250 229 211 195 184 185 195 210 230 249 246 236 225
226 238 248 246 224 203 186 172 173 186 203 224 246 248 237 226
226 238 249 243 220 198 178 160 161 178 198 221 243 249 237 226
227 239 251 240 218 195 173 150 150 173 195 218 241 251 239 227
227 239 251 240 218 195 174 151 150 173 195 219 241 251 239 227
226 238 249 243 220 198 177 161 160 177 198 221 242 249 237 226
225 238 248 246 224 203 185 173 172 185 204 224 246 248 237 226
224 236 247 249 230 210 194 185 185 195 210 230 249 246 236 224
223 233 245 251 236 218 205 197 197 205 218 237 251 244 233 223
221 232 242 251 244 229 216 210 210 216 228 245 251 241 231 221
217 228 238 248 251 239 229 223 223 229 239 251 247 237 227 217
216 225 234 243 250 250 241 234 234 241 251 251 242 233 225 215
203 216 229 239 250 253 251 251 252 251 253 250 238 228 215 203
205 220 232 245 253 251 248 248 247 248 251 254 245 232 220 206
210 224 237 249 253 249 245 243 243 245 250 252 250 237 223 210
212 227 241 252 251 247 242 241 240 241 247 251 253 241 227 213
215 230 244 253 249 245 241 240 240 240 244 248 253 244 230 216
218 232 246 253 247 242 240 241 240 240 242 248 253 246 232 218
217 233 247 253 247 242 241 240 240 240 242 246 253 249 234 218
220 235 249 253 246 241 240 239 240 240 241 244 253 248 235 219
219 235 249 252 246 242 240 239 240 241 241 245 253 248 235 219
217 234 248 252 247 241 241 241 240 240 241 246 252 249 234 218
218 232 246 253 247 242 240 241 241 240 241 247 252 246 232 218
216 230 244 253 248 244 241 241 240 240 243 248 253 244 230 215
213 226 240 252 251 248 242 242 242 242 247 250 253 241 227 212
209 224 237 249 253 250 246 242 243 245 248 252 250 237 224 210
204 220 232 245 253 250 248 247 247 247 250 253 245 232 219 205
203 216 229 238 249 253 251 250 250 251 254 250 238 227 216 203

233 231 230 228 227 226 225 226 225 225 226 227 228 230 231 233
227 224 223 221 219 219 218 217 217 218 218 219 221 222 224 226
220 218 216 214 212 211 210 210 210 210 211 213 214 216 218 220
214 212 209 205 200 196 193 193 193 194 197 200 205 209 212 214
210 203 195 188 181 176 172 170 169 171 175 181 188 195 204 210
200 191 181 171 162 157 157 157 157 157 157 163 172 181 191 200
192 180 168 158 158 166 173 179 179 174 166 157 158 168 180 191
187 174 162 157 166 178 191 200 201 191 179 166 157 162 174 187
187 174 162 157 166 179 190 200 201 191 178 166 156 162 174 187
192 180 168 158 158 166 174 179 179 174 166 158 158 168 180 191
200 191 180 171 162 157 157 157 157 157 157 162 171 180 191 200
210 204 195 188 181 176 172 170 170 172 175 181 188 196 203 210
214 212 209 205 200 196 194 192 193 193 196 200 205 209 212 214
220 218 216 214 212 211 210 210 210 210 211 213 214 216 218 220
227 224 222 221 220 219 217 217 218 218 218 219 221 222 224 227
233 231 230 228 227 226 225 225 225 225 226 227 228 230 231 233
215 217 220 222 224 225 226 226 226 226 225 224 222 220 217 215
224 227 230 232 234 236 237 238 238 237 236 235 233 230 227 224
233 236 240 243 245 247 248 249 249 248 247 245 243 240 236 233
241 246 249 248 246 243 239 238 238 239 242 246 249 249 246 241
249 248 242 234 227 221 218 216 216 218 221 227 234 242 249 249
247 236 226 216 208 201 196 193 193 196 201 208 216 226 236 247
238 226 214 203 192 183 175 171 171 175 183 192 203 214 226 238
233 220 207 195 183 171 159 149 150 159 170 183 195 207 220 233
233 220 208 195 182 170 158 149 149 159 171 183 195 207 220 233
238 226 214 203 192 183 175 171 171 175 183 192 203 214 226 238
246 236 226 216 208 201 196 193 193 196 201 208 216 226 236 247
249 249 242 234 227 221 218 216 215 217 221 227 234 242 249 249
241 245 249 249 246 243 239 239 239 239 242 246 249 249 246 241
233 236 240 243 245 247 248 249 249 248 247 245 243 240 236 233
224 226 229 233 235 236 237 238 238 237 236 234 232 230 227 224
215 217 220 222 224 225 226 226 226 226 225 224 222 220 217 215
202 205 209 212 215 217 218 219 219 217 216 215 212 209 205 202
215 219 223 227 229 231 233 233 234 232 231 230 227 223 219 215
227 232 236 240 243 245 248 248 248 248 246 243 240 236 232 227
237 243 248 251 251 251 250 250 250 250 251 251 251 248 243 237
248 251 250 248 246 245 244 243 243 244 245 246 248 250 251 248
250 249 247 244 242 239 239 239 239 240 240 242 244 246 249 251
249 246 243 240 239 239 239 238 238 239 239 239 240 243 246 249
248 245 242 239 239 238 238 238 238 238 238 238 240 241 245 248
248 245 242 239 238 238 238 237 238 238 238 238 239 241 245 248
249 246 243 240 239 238 238 238 238 238 238 239 240 243 246 249
251 249 246 244 242 240 240 239 240 240 240 242 244 246 249 251
249 251 250 248 246 245 244 244 243 244 245 247 249 250 251 248
238 244 248 251 251 250 250 250 250 250 250 251 250 248 244 238
227 232 236 240 243 245 246 247 248 247 245 243 240 236 232 227
215 219 223 227 229 231 233 234 234 233 231 229 227 223 219 215
202 206 209 212 215 217 218 219 219 218 217 215 212 209 206 201

234 227 221 215 210 201 192 187 187 192 201 210 215 220 227 233
232 225 219 213 204 191 181 175 175 180 191 204 213 219 225 232
230 223 216 209 196 181 169 162 162 169 181 196 209 216 223 230
229 221 214 205 188 172 158 157 157 159 171 188 205 214 221 229
227 220 213 201 182 163 158 166 166 158 163 182 201 213 220 227
226 219 211 197 176 157 166 179 179 166 157 176 197 212 219 227
225 218 211 194 172 157 174 192 191 174 157 172 194 211 218 225
226 218 211 193 170 158 180 201 201 180 158 171 193 210 218 225
226 218 210 193 170 158 179 201 201 180 158 170 193 210 218 225
225 218 211 194 172 157 174 191 191 175 157 173 194 211 218 226
226 219 212 197 176 158 166 179 179 166 158 176 197 211 219 226
227 220 213 201 182 163 158 166 166 158 163 181 201 213 220 228
229 221 214 205 188 171 159 157 157 159 171 188 205 215 221 229
230 223 217 209 196 181 169 162 162 169 181 196 209 217 223 230
232 225 218 213 204 191 181 175 175 181 191 204 213 219 225 231
233 227 220 215 210 201 192 188 188 192 201 211 215 221 227 233
216 224 233 242 250 247 238 233 233 238 248 249 241 233 224 215
218 227 237 246 249 237 226 220 220 226 237 249 246 237 227 218
220 230 240 249 243 227 215 208 208 214 226 243 249 240 230 220
222 233 243 249 234 217 204 195 196 203 217 234 249 243 233 222
224 235 246 246 227 208 193 183 183 193 209 227 247 246 235 224
226 237 247 243 222 201 183 171 171 183 202 222 243 247 237 225
226 237 249 240 218 196 175 159 159 176 196 218 240 249 238 226
227 239 250 239 216 194 171 150 150 172 194 216 239 249 238 227
227 238 250 239 216 193 171 150 150 172 194 216 239 249 238 227
226 237 249 240 218 196 176 159 159 175 196 218 240 249 238 226
225 237 248 243 222 202 183 171 171 183 201 222 243 247 237 225
224 235 246 247 227 209 193 183 183 193 208 227 247 246 235 224
222 233 243 249 234 217 203 195 195 204 217 234 249 243 233 222
220 230 240 249 242 226 214 208 208 214 226 243 249 240 230 220
218 227 237 246 249 237 226 221 220 226 237 249 246 237 227 218
216 224 233 242 249 248 238 233 233 238 247 249 241 233 224 216
202 215 228 238 249 252 250 249 249 249 252 249 239 228 215 202
206 220 233 244 252 250 247 245 245 247 250 251 244 233 219 206
209 224 237 249 251 247 244 242 242 244 247 251 249 236 224 210
213 227 240 251 249 245 241 240 240 241 244 249 251 240 227 213
215 230 244 252 247 242 240 239 238 240 242 248 252 243 230 215
217 232 246 251 245 240 239 239 238 239 241 246 251 246 232 217
218 233 248 250 245 240 239 238 239 239 240 245 250 248 233 218
219 234 248 250 244 240 239 238 238 239 240 244 250 248 234 219
219 234 248 250 244 240 238 238 238 239 240 244 251 248 234 219
218 233 248 250 245 240 239 238 239 239 240 245 251 247 233 218
217 232 246 251 245 240 239 239 239 239 240 245 251 246 232 217
215 230 243 252 247 242 240 239 239 240 242 247 252 243 230 215
213 227 240 252 249 245 241 240 240 241 245 248 251 240 227 213
210 223 236 249 250 247 244 242 242 244 247 251 249 236 224 210
206 219 233 244 251 249 247 245 246 247 249 252 244 232 220 206
203 215 228 238 249 251 250 248 248 249 251 249 239 228 215 202
